wyniki dla tego samego zapytania dla trzech programów

integrate.c - z wykorzystaniem send/receive z blokowaniem

4: a: 3.750000 b: 5.000000 n: 252.625000
5: a: 5.000000 b: 6.250000 n: 252.625000
1: a: 0.000000 b: 1.250000 n: 252.625000
6: a: 6.250000 b: 7.500000 n: 252.625000
2: a: 1.250000 b: 2.500000 n: 252.625000
7: a: 7.500000 b: 8.750000 n: 252.625000
3: a: 2.500000 b: 3.750000 n: 252.625000
8: a: 8.750000 b: 10.000000 n: 252.625000
8: result: 110.190613
6: result: 59.152267
2: result: 4.567616
3: result: 12.393026
7: result: 82.809006
1: result: 0.653624
5: result: 39.649361
4: result: 24.047409
result: 333.462891

integrate-i.c - z wykorzystaniem send bez blokowania

4: a: 3.750000 b: 5.000000 n: 252.625000
5: a: 5.000000 b: 6.250000 n: 252.625000
3: a: 2.500000 b: 3.750000 n: 252.625000
6: a: 6.250000 b: 7.500000 n: 252.625000
1: a: 0.000000 b: 1.250000 n: 252.625000
7: a: 7.500000 b: 8.750000 n: 252.625000
8: a: 8.750000 b: 10.000000 n: 252.625000
2: a: 1.250000 b: 2.500000 n: 252.625000
8: result: 110.190613
7: result: 82.809006
2: result: 4.567616
1: result: 0.653624
3: result: 12.393026
5: result: 39.649361
6: result: 59.152267
4: result: 24.047409
result: 333.462891

integrate-s.c - z wykorzystaniem kompozycji kolektywnej

0: a: 0.000000 b: 1.111111 n: 224.555557
3: a: 3.333333 b: 4.444445 n: 224.555557
2: a: 2.222222 b: 3.333333 n: 224.555557
7: a: 7.777778 b: 8.888889 n: 224.555557
4: a: 4.444445 b: 5.555556 n: 224.555557
1: a: 1.111111 b: 2.222222 n: 224.555557
8: a: 8.888889 b: 10.000000 n: 224.555557
5: a: 5.555556 b: 6.666667 n: 224.555557
7: result: 77.405289
5: result: 41.536377
1: result: 3.208889
2: result: 8.706059
4: result: 27.841345
8: result: 99.387367
3: result: 16.885511
0: result: 0.459288
6: a: 6.666667 b: 7.777778 n: 224.555557
6: result: 57.970814
result: 333.400940
